24boy 2 148 13 143 1girl 2 137 43 37
18boy 1 98 98 106 2girl 2 85 9 40
21boy 3 146 70 87 3girl 2 105 16 71
46boy 2 100 91 146 4girl 1 115 40 10
19boy 1 80 98 115 5girl 2 130 62 18
12boy 3 130 95 124 6girl 2 141 58 59
29boy 3 87 94 87 7girl 2 84 54 49
28boy 3 127 72 145 8girl 2 85 42 16
6boy 1 141 58 81 9girl 1 105 52 55
22boy 2 97 93 107 10girl 2 119 72 54
41boy 3 99 92 117 11girl 3 90 14 20
49boy 1 139 91 141 12girl 1 130 95 66
30boy 3 94 56 145 13girl 3 131 20 40
32boy 3 85 53 140 14girl 2 134 14 51
16boy 2 120 72 139 15girl 2 136 61 10
1boy 3 137 43 132 16girl 1 120 72 53
11boy 1 90 14 137 17girl 1 116 65 64
23boy 3 93 85 102 18girl 1 98 98 59
15boy 2 136 61 137 19girl 2 80 98 34
25boy 2 136 77 113 20girl 2 97 13 25
13boy 1 131 20 137 21girl 1 146 70 33
36boy 1 126 68 134 22girl 3 97 93 74
10boy 3 119 72 92 23girl 2 93 85 74
9boy 3 105 52 133 24girl 3 148 13 17
33boy 3 133 62 133 25girl 1 136 77 70
14boy 3 134 14 118 26girl 2 110 14 17
48boy 2 130 71 86 27girl 3 134 52 42
38boy 3 96 0 132 28girl 1 127 72 45
47boy 3 101 66 116 29girl 3 87 94 22
17boy 2 116 65 122 30girl 2 94 56 59
