2 27 19
1 21 17
1 15 39
2 26 11
3 10 32
2 28 25
3 20 22
3 28 19
1 19 33
2 14 24
1 25 22
1 22 35
1 24 27
1 25 39
3 10 34
3 25 16
1 20 14
2 19 11
2 14 14
1 11 30
1 13 16
1 19 20
3 16 35
1 28 39
3 14 10
3 21 30
2 27 13
3 20 13
3 14 14
2 15 17
2 13 15
3 23 27
2 20 14
1 10 26
3 20 14
1 22 22
1 15 20
2 21 27
3 17 24
2 26 39
2 12 13
2 21 32
2 15 33
2 12 32
3 26 29
1 11 32
1 21 19
1 18 31
3 24 15
3 23 14
3 16 10
1 11 10
3 16 23
1 18 28
3 19 12
1 23 39
2 22 27
2 25 23
3 11 21
2 15 35
3 16 18
3 28 20
2 21 36
3 21 10
3 25 25
1 15 19
1 14 34
3 29 20
2 11 17
1 26 38
3 24 22
2 27 33
3 25 17
1 17 19
3 13 39
2 24 12
3 29 29
1 21 38
1 10 14
3 18 32
2 11 35
3 26 38
3 26 27
3 15 21
2 27 16
3 29 37
2 28 23
1 28 36
3 13 28
2 15 11
1 12 10
2 10 18
1 19 23
3 22 36
3 18 26
1 28 31
2 23 30
3 29 11
3 29 27
1 20 11

