39boy 2 108 19 146 1girl 2 81 38 38
17boy 1 148 63 83 2girl 2 113 39 10
30boy 3 134 29 145 3girl 2 94 60 70
35boy 2 107 48 143 4girl 1 135 5 74
7boy 1 90 97 114 5girl 2 118 70 46
49boy 3 136 55 143 6girl 2 81 19 38
12boy 3 147 29 90 7girl 2 90 97 15
8boy 3 145 68 109 8girl 2 145 68 30
31boy 1 121 9 142 9girl 1 115 36 26
1boy 2 81 38 141 10girl 2 109 71 17
13boy 3 145 48 84 11girl 3 81 13 41
34boy 1 98 19 140 12girl 1 147 29 10
50boy 3 145 24 107 13girl 3 145 48 41
33boy 3 114 6 134 14girl 2 131 6 37
29boy 2 135 66 133 15girl 2 115 24 24
38boy 3 98 65 131 16girl 1 105 2 22
36boy 1 142 68 93 17girl 1 148 63 60
48boy 3 103 91 128 18girl 1 88 7 24
41boy 2 80 56 130 19girl 2 92 11 22
24boy 2 113 69 124 20girl 2 129 32 30
45boy 1 141 71 88 21girl 1 134 74 22
23boy 1 123 89 85 22girl 3 82 27 63
32boy 3 130 86 102 23girl 2 123 89 61
9boy 3 115 36 122 24girl 3 113 69 43
43boy 3 97 84 110 25girl 1 104 74 24
21boy 3 134 74 91 26girl 2 95 24 11
6boy 2 81 19 121 27girl 3 118 29 76
11boy 3 81 13 121 28girl 1 90 57 13
4boy 3 135 5 91 29girl 3 135 66 14
2boy 2 113 39 120 30girl 2 134 29 64
