1boy 137 43 132 69
2boy 85 9 94 31
3boy 105 16 111 52
4boy 115 40 105 32
5boy 130 62 111 58
6boy 141 58 81 46
7boy 84 54 101 63
8boy 85 42 100 44
9boy 105 52 133 53
10boy 119 72 92 57
11boy 90 14 137 65
12boy 130 95 124 40
13boy 131 20 137 54
14boy 134 14 118 39
15boy 136 61 137 40
16boy 120 72 139 56
17boy 116 65 122 59
18boy 98 98 106 60
19boy 80 98 115 50
20boy 97 13 85 41
21boy 146 70 87 27
22boy 97 93 107 34
23boy 93 85 102 25
24boy 148 13 143 29
25boy 136 77 113 54
26boy 110 14 121 40
27boy 134 52 100 61
28boy 127 72 145 30
29boy 87 94 87 21
30boy 94 56 145 49
31boy 102 27 94 63
32boy 85 53 140 21
33boy 133 62 133 43
34boy 82 45 115 29
35boy 111 19 119 61
36boy 126 68 134 33
37boy 124 34 126 55
38boy 96 0 132 23
39boy 84 1 95 52
40boy 98 21 108 43
41boy 99 92 117 58
42boy 85 53 80 32
43boy 93 56 117 57
44boy 81 21 128 35
45boy 92 65 96 59
46boy 100 91 146 68
47boy 101 66 116 68
48boy 130 71 86 20
49boy 139 91 141 45
50boy 94 44 110 25

