1girl 137 43 37 1
2girl 85 9 40 3
3girl 105 16 71 1
4girl 115 40 10 2
5girl 130 62 18 3
6girl 141 58 59 3
7girl 84 54 49 3
8girl 85 42 16 2
9girl 105 52 55 1
10girl 119 72 54 3
11girl 90 14 20 3
12girl 130 95 66 3
13girl 131 20 40 2
14girl 134 14 51 2
15girl 136 61 10 2
16girl 120 72 53 1
17girl 116 65 64 2
18girl 98 98 59 3
19girl 80 98 34 1
20girl 97 13 25 1
21girl 146 70 33 2
22girl 97 93 74 2
23girl 93 85 74 3
24girl 148 13 17 2
25girl 136 77 70 2
26girl 110 14 17 1
27girl 134 52 42 3
28girl 127 72 45 2
29girl 87 94 22 3
30girl 94 56 59 3

